1000 = 3682913(7927)
2000 = 16274627(17393)
3000 = 38645211(27457)
4000 = 71266907(37831)
5000 = 114455259(48619)
6000 = 168448721(59369)
7000 = 233461073(70663)
8000 = 309677341(81817)
9000 = 397219321(93187)
10000 = 496165411(104743)
11000 = 606770133(116461)
12000 = 729066313(128201)
13000 = 863082517(139907)
14000 = 1008952021(151717)
15000 = 1166716881(163847)
16000 = 1336693479(176087)
17000 = 1518710589(187973)
18000 = 1712802209(200191)
19000 = 1919141447(212383)
20000 = 2137755325(224743)
21000 = 2368647159(237217)
22000 = 2612043245(249449)
23000 = 2867816043(262147)
24000 = 3136092765(274579)
25000 = 3416862063(287137)
26000 = 3710407161(300043)
27000 = 4016633253(312589)
28000 = 4335366771(324953)
29000 = 4666589771(337543)
30000 = 5010567595(350381)
31000 = 5367270571(363271)
32000 = 5736954369(376133)
33000 = 6119607147(389173)
34000 = 6515039819(401993)
35000 = 6923596385(414991)
36000 = 7345058067(427993)
37000 = 7779355985(440731)
38000 = 8226560893(453907)
39000 = 8687088795(467237)
40000 = 9160579439(479939)
41000 = 9647097635(493133)
42000 = 10146658359(506147)
43000 = 10659400971(519229)
44000 = 11185137797(532349)
45000 = 11724140209(545749)
46000 = 12276513715(559093)
47000 = 12842213915(572321)
48000 = 13421084341(585503)
49000 = 14013090117(598691)
50000 = 14618393801(611957)
51000 = 15236918065(625199)
52000 = 15869024949(638993)
53000 = 16514748447(652447)
54000 = 17173835341(665677)
55000 = 17846357665(679279)
56000 = 18532236773(692567)
57000 = 19231566993(706033)
58000 = 19944242529(719659)
59000 = 20670434755(732943)
60000 = 21410141065(746777)
61000 = 22163673289(760273)
62000 = 22930564547(773609)
63000 = 23710986763(787217)
64000 = 24504878265(800587)
65000 = 25312338461(814309)
66000 = 26133401205(827737)
67000 = 26967995675(841541)
68000 = 27816379785(855373)
69000 = 28678448179(868783)
70000 = 29554036955(882389)
71000 = 30443284905(896047)
72000 = 31346339987(909691)
73000 = 32263081907(923599)
74000 = 33193486555(937421)
75000 = 34137766591(951193)
76000 = 35096023473(965117)
77000 = 36068031963(978973)
78000 = 37054122503(993121)
79000 = 38054074137(1006739)
80000 = 39067584251(1020389)
81000 = 40094829823(1034233)
82000 = 41136047037(1048139)
83000 = 42191346855(1062521)
84000 = 43260717137(1076167)
85000 = 44343891509(1090381)
86000 = 45440914359(1103933)
87000 = 46551583327(1117591)
88000 = 47676235523(1131629)
89000 = 48814806993(1145693)
90000 = 49967497545(1159531)
91000 = 51133823115(1173343)
92000 = 52313960623(1187009)
93000 = 53507838139(1200959)
94000 = 54716029257(1215157)
95000 = 55938225175(1229273)
96000 = 57174733793(1243717)
97000 = 58425308273(1257521)
98000 = 59689737193(1271299)
99000 = 60968183277(1285519)
100000 = 62260698721(1299721)
101000 = 63567420771(1313843)
102000 = 64888275455(1327903)
103000 = 66223307867(1342063)
104000 = 67572499453(1356247)
105000 = 68935884047(1370461)
106000 = 70313362955(1384661)
107000 = 71704956287(1398401)
108000 = 73110509245(1412647)
109000 = 74530579279(1427047)
110000 = 75964656463(1441051)
111000 = 77412820767(1455119)
112000 = 78875048073(1469407)
113000 = 80351575449(1483453)
114000 = 81842139049(1497557)
115000 = 83346776605(1511563)
116000 = 84865516511(1525933)
117000 = 86398820281(1540541)
118000 = 87946523957(1554899)
119000 = 89508425841(1569181)
120000 = 91084698693(1583591)
121000 = 92675521621(1598021)
122000 = 94280580901(1612141)
123000 = 95900023091(1626481)
124000 = 97533547401(1640851)
125000 = 99181602095(1655141)
126000 = 100843942523(1669331)
127000 = 102520431355(1683679)
128000 = 104211391871(1698089)
129000 = 105916562491(1712369)
130000 = 107636264491(1726951)
131000 = 109370505139(1741427)
132000 = 111119044115(1755569)
133000 = 112882143031(1770449)
134000 = 114659685577(1784641)
135000 = 116451576297(1798987)
136000 = 118257731517(1813367)
137000 = 120078325663(1827673)
138000 = 121913204001(1842377)
139000 = 123762603757(1856303)
140000 = 125626146767(1870669)
141000 = 127504064477(1885207)
142000 = 129396341305(1899497)
143000 = 131303222943(1913993)
144000 = 133224405843(1928261)
145000 = 135159942281(1942751)
146000 = 137109867535(1957147)
147000 = 139074477867(1972207)
148000 = 141053978969(1986769)
Сума: 142913828922
